1.288404,1.37432,0
1.369825,1.445611,0
0.823293,1.04636,0
3.19837,2.557345,0
1.548362,1.834548,0
1.748077,1.9561,0
0.944731,0.812498,0
2.706956,2.621084,0
1.316337,1.867497,0
1.52024,0.996018,0
1.353029,0.875881,0
1.345379,1.548231,0
0.745527,1.077268,0
2.016533,2.188641,0
1.593014,0.877703,0
2.39193,2.26783,0
1.177415,1.262282,0
1.661053,2.024721,0
1.883659,1.511445,0
1.645525,1.861682,0
1.500774,1.323538,0
1.379076,1.21064,0
2.111994,1.445771,0
1.764673,1.398841,0
1.848168,1.305598,0
2.454316,2.037399,0
1.37082,1.830742,0
1.591684,1.166497,0
2.064616,1.713611,0
0.642296,1.284842,0
1.560282,1.925715,0
1.35786,1.24204,0
1.25071,1.786145,0
0.775433,1.07832,0
1.043255,0.884345,0
1.373867,0.953835,0
1.394465,0.714048,0
0.985491,0.971708,0
1.120331,0.874994,0
1.21431,1.422195,0
1.480206,1.206158,0
1.987652,1.990047,0
1.019646,1.141357,0
1.602236,1.800332,0
0.635179,1.122877,0
1.503543,1.343943,0
1.290887,1.636404,0
1.25322,1.22166,0
1.040738,1.035085,0
1.475961,0.868137,0
1.262632,1.233847,0
1.360274,1.241547,0
2.333643,2.412142,0
2.0425,1.011269,0
1.427569,1.009176,0
0.800802,0.956278,0
0.77176,1.117794,0
1.419738,2.059757,0
3.103028,2.961063,0
1.485969,1.813312,0
0.963112,1.36543,0
1.04899,0.992961,0
1.165228,0.726488,0
1.267313,1.201958,0
0.807271,1.333718,0
0.940472,0.811664,0
1.190203,1.198439,0
0.878127,0.924322,0
0.955883,1.387777,0
1.267096,1.323862,0
1.242325,0.994262,0
1.106773,0.858656,0
1.551096,1.950258,0
1.303256,1.892944,0
1.68876,2.040002,0
2.055097,1.629717,0
1.803939,2.665008,0
0.947607,1.816175,0
1.412653,1.489576,0
1.927171,1.645077,0
1.478564,1.522849,0
1.363677,1.427842,0
1.304718,1.307707,0
1.249275,1.136011,0
1.187483,1.492555,0
1.090376,1.175852,0
1.785192,2.174335,0
1.586363,1.501553,0
1.621473,1.660233,0
0.762422,1.175573,0
1.377615,1.471721,0
2.560039,2.069109,0
1.128922,1.204373,0
1.384177,1.067172,0
1.701233,1.801191,0
2.088797,1.36804,0
2.297972,1.935604,0
2.348963,6.1782e-2,0
1.760677,1.095238,0
2.22035,1.55498,0
2.256343,1.633295,0
2.244038,0.674048,0
1.760773,0.340122,0
2.027369,1.175661,0
1.911027,0.132324,0
1.883557,2.059163,0
1.460899,1.162862,0
1.852958,0.620807,0
2.204924,0.907062,0
2.022325,1.442141,0
2.201263,0.458657,0
1.698996,0.815207,0
2.55601,0.387185,0
1.79217,0.945587,0
2.137516,0.404854,0
2.572444,0.462289,0
1.912374,1.950513,0
1.33275,0.332272,0
2.324478,0.33109,0
1.526745,1.008025,0
2.124222,0.246067,0
1.664351,0.244994,0
2.291471,0.238738,0
1.964647,0.315414,0
2.120473,0.884429,0
2.163361,1.324678,0
2.059783,0.381376,0
1.269438,1.411938,0
1.561027,1.864145,0
1.809203,1.502086,0
2.000831,1.999395,0
1.475164,0.295306,0
1.602607,1.407343,0
2.323715,0.213435,0
1.031852,3.020142,0
1.813171,0.100443,0
1.919295,7.142e-2,0
2.161401,0.701756,0
2.100538,0.487677,0
1.667414,1.900948,0
2.233409,1.690908,0
1.245458,0.432252,0
1.823073,1.650673,0
2.013615,0.574304,0
2.018552,2.213e-2,0
1.681602,0.706513,0
1.682566,1.849815,0
2.084048,1.053426,0
2.091493,2.453773,0
1.706228,1.993858,0
2.293916,0.142207,0
1.716274,0.763239,0
2.128313,1.173115,0
1.694928,0.485462,0
1.847744,0.506489,0
2.595839,0.255866,0
1.43591,1.141731,0
1.997639,1.09315,0
2.063661,0.355488,0
2.037668,1.836082,0
1.716559,0.574402,0
1.892544,1.346896,0
2.203639,0.608469,0
1.826834,1.9837e-2,0
1.822414,1.081108,0
2.756175,1.408793,0
1.944983,1.715642,0
2.109455,1.316184,0
1.96723,0.153856,0
1.963881,1.005808,0
2.154923,1.094906,0
1.788244,1.642333,0
2.52014,1.413701,0
1.938256,1.548529,0
1.686774,2.233606,0
2.317682,0.27103,0
2.021385,1.126379,0
2.277366,2.164012,0
2.707243,-1.7066e-2,0
1.841216,0.427529,0
1.753279,2.318368,0
2.064433,0.775137,0
2.040208,0.444612,0
2.18814,1.845151,0
2.069274,1.889428,0
2.361892,1.854652,0
2.088284,0.864707,0
2.252474,0.58234,0
1.951605,0.416403,0
2.080283,1.001673,0
2.158459,1.831032,0
1.773413,1.878609,0
1.675671,3.2561e-2,0
1.986705,0.349019,0
1.786262,1.07605,0
2.812883,2.062197,0
2.518407,2.7014e-2,0
1.78815,1.292925,0
1.746513,1.225646,0
2.319086,0.886984,0
2.12081,1.406131,0
1.821031,0.316192,0
1.286075,1.194255,0
2.028785,0.17989,0
2.1159,0.782746,0
2.414943,0.765924,0
1.948857,1.406676,0
1.82578,0.445319,0
2.241542,1.185683,0
1.839466,1.248177,0
2.154454,0.934061,0
1.762724,1.238707,0
1.432597,0.235055,0
1.469619,0.552333,0
1.861499,1.551022,0
2.067155,0.977616,0
1.567809,1.213192,0
1.98182,0.120836,0
1.835512,0.171782,0
1.685017,0.809022,0
1.895527,1.004563,0
1.312009,0.735895,0
1.324414,1.688802,0
1.901259,0.509266,0
1.140879,0.618898,0
1.998775,0.617225,0
2.03124,1.469e-2,0
2.133173,0.548773,0
1.819048,0.540833,0
2.173411,1.233727,0
2.490509,0.888249,0
2.415148,0.899712,0
1.645994,5.2851e-2,0
1.820679,0.749025,0
1.865633,0.335034,0
2.020854,1.225413,0
2.13213,0.143807,0
1.417572,0.650471,0
1.990994,0.317422,0
2.079328,0.38201,0
1.954494,0.248193,0
1.792224,2.262982,0
1.62789,0.76421,0
2.006969,1.039509,0
2.255128,1.27944,0
2.315014,1.187722,0
2.144041,1.384285,0
2.40217,0.462662,0
2.607465,0.475061,0
1.733991,0.879739,0
1.953479,0.925758,0
1.991355,1.480758,0
1.572439,1.333443,0
1.632464,1.704546,0
1.920802,0.522729,0
1.755708,1.907836,0
1.872594,1.015557,0
1.821344,0.215812,0
1.942855,0.213373,0
2.481586,0.478926,0
2.42669,1.843263,0
1.765835,1.129052,0
1.894731,2.069707,0
1.958351,0.610261,0
1.481255,0.484258,0
2.323968,0.386886,0
2.368292,1.021828,0
2.112447,0.370187,0
2.082522,1.656592,0
1.963784,1.682216,0
2.09179,1.257714,0
1.87833,5.2185e-2,0
1.476686,0.290398,0
1.353811,1.11597,0
2.05857,1.507843,0
2.245683,1.463513,0
2.131594,1.546672,0
2.207689,0.626309,0
2.401925,0.504514,0
1.493887,1.23788,0
2.026253,2.412491,0
2.236815,2.827863,0
1.674014,0.305007,0
1.976227,0.828879,0
2.429236,0.283955,0
2.094511,0.68652,0
1.896494,5.7658e-2,0
1.826756,2.304031,0
1.882517,0.359362,0
2.084671,0.948187,0
2.290955,1.636436,0
2.110527,0.428243,0
1.562424,0.921618,0
2.459363,0.765557,0
2.018117,0.824276,0
2.017216,0.291811,0
1.810875,0.343211,0
1.861167,1.288019,0
2.424281,0.489743,0
2.136769,0.754962,0
1.876933,0.119004,0
1.668132,0.610734,0
2.284288,-1.563e-3,0
2.338569,0.119515,0
2.264465,0.822694,0
2.407988,0.692215,0
1.418344,0.456433,0
2.191681,0.370609,0
1.85573,0.342877,0
1.604107,1.898835,0
2.231496,0.709364,0
1.698821,1.403323,0
1.779922,0.212678,0
2.419124,0.448804,0
2.263064,1.631131,0
1.781247,5.4315e-2,0
1.765399,1.9175,0
2.102896,1.074966,0
2.243806,1.43352,0
2.142001,3.9411e-2,0
2.415028,0.348152,0
1.546472,0.86448,0
2.328313,1.311564,0
1.521703,0.346761,0
1.739987,0.469438,0
1.966112,2.610188,0
2.602223,0.501077,0
2.265944,0.984025,0
1.976321,0.643547,0
1.781268,0.133604,0
1.849418,1.167927,0
1.939766,8.5059e-2,0
2.106381,0.408763,0
2.445225,0.676154,0
2.459897,0.341602,0
2.030897,0.205578,0
1.886714,0.54838,0
2.384985,1.88493,0
1.616704,0.307554,0
2.096808,0.444334,0
2.338591,1.921956,0
2.223025,0.679063,0
2.217231,0.141816,0
2.648257,0.532207,0
2.321452,0.600113,0
2.154262,0.880958,0
1.765569,0.163269,0
2.140188,1.8492e-2,0
1.753965,0.824787,0
2.114334,1.031347,0
1.8857,1.003853,0
0.769671,0.849244,0
0.729293,0.945137,0
0.839631,0.697558,0
1.022983,0.551011,0
0.849844,0.565627,0
0.944427,0.645361,0
0.806616,0.684364,0
0.939079,0.666956,0
0.786887,0.846545,0
0.884435,0.497691,0
1.053202,0.236696,0
0.739708,0.642682,0
0.587801,1.105052,0
0.989595,0.220485,0
1.016816,0.576337,0
1.006358,0.511154,0
0.761721,0.914847,0
1.080506,0.19123,0
0.902268,0.763235,0
0.875648,0.563387,0
0.607617,0.956486,0
1.474842,0.176322,0
1.48091,4.5724e-2,0
1.542505,6.4365e-2,0
1.246376,0.214902,0
1.165378,0.258838,0
1.28637,0.173803,0
0.664539,0.588856,0
0.625991,0.689018,0
0.589876,0.809782,0
0.734111,0.561592,0
0.708306,0.551032,0
0.756767,0.467117,0
0.59302,0.894106,0
0.693688,0.525735,0
0.629274,0.774093,0
0.586907,0.825503,0
0.829635,0.38055,0
0.54265,0.713571,0
0.573193,0.708433,0
0.535483,0.754891,0
0.591216,0.605215,0
0.828615,0.103195,0
2.396739,-3.066e-2,1
2.095958,-1.0098e-2,1
1.691795,3.876e-3,1
1.700506,8.59e-4,1
2.075346,-5.5727e-2,1
2.279441,-2.4528e-2,1
2.251509,-4.2459e-2,1
2.312057,-1.7315e-2,1
1.525899,-4.3815e-2,1
1.553751,-3.7017e-2,1
1.592776,-4.5334e-2,1
1.564755,-3.856e-2,1
1.389553,-9.469e-3,1
0.899543,2.1783e-2,1
0.879487,2.7984e-2,1
2.399257,-0.129078,1
2.270758,-0.14453,1
2.138305,-0.122679,1
2.120709,-0.124978,1
2.355067,-0.141614,1
1.867746,-8.6573e-2,1
1.976982,-0.142183,1
1.932506,-0.134474,1
1.996417,-0.137316,1
2.002795,-9.6746e-2,1
2.435965,-0.147578,1
1.836951,-6.7417e-2,1
2.103929,-0.142343,1
2.061401,-6.7838e-2,1
1.347919,-0.104028,1
1.747009,-0.130436,1
1.632707,-8.0593e-2,1
1.643383,-0.123163,1
1.684245,-0.118393,1
2.119332,-0.284468,1
2.247862,-0.303949,1
2.011698,-0.313372,1
2.077767,-0.230107,1
2.197792,-0.189419,1
1.931585,-0.234411,1
2.147329,-0.174073,1
2.068246,-0.321337,1
2.474928,-0.201433,1
2.070722,-0.249009,1
2.182986,-0.230095,1
2.269834,-0.277637,1
1.951542,-0.214803,1
2.546337,-0.219021,1
2.207827,-0.265641,1
2.169437,-0.235331,1
2.032336,-0.168603,1
2.451249,-0.21985,1
1.950944,-0.157504,1
2.407111,-0.221771,1
1.845432,-0.149956,1
1.262561,-1.239737,1
1.758259,-1.549447,1
1.810227,-1.575366,1
0.987387,-1.302349,1
1.254597,-1.201441,1
1.840547,-2.166207,1
1.066083,-1.165569,1
0.948174,-1.376493,1
1.884208,-1.710103,1
1.113369,-1.326473,1
2.391236,-1.831778,1
1.644829,-1.121159,1
1.122819,-1.110897,1
2.236499,-2.130003,1
2.570561,-1.798112,1
2.049113,-2.550612,1
1.639346,-1.548944,1
1.312165,-1.007397,1
2.717818,-2.813271,1
1.077669,-1.132181,1
1.198176,-1.531164,1
1.808938,-2.049572,1
1.501855,-1.48966,1
1.181673,-1.492543,1
1.551126,-1.196214,1
0.810982,-1.390643,1
1.312813,-0.966237,1
2.373806,-2.708009,1
1.559661,-1.762176,1
1.271773,-1.063718,1
1.920973,-1.676587,1
1.053916,-1.230478,1
1.52291,-1.29722,1
1.63006,-1.758404,1
1.378642,-1.355791,1
1.727669,-1.709675,1
1.270998,-1.049914,1
1.182248,-1.283617,1
1.353346,-1.723072,1
1.357365,-1.200832,1
0.962032,-1.262776,1
1.452632,-1.140956,1
0.737877,-1.528272,1
1.341693,-1.121686,1
1.423098,-1.677774,1
1.123553,-1.369468,1
1.290172,-1.00952,1
1.103726,-1.274302,1
1.426973,-1.424273,1
0.888019,-1.649839,1
1.325385,-1.118977,1
1.014955,-1.413011,1
1.287397,-1.292275,1
1.312435,-1.138102,1
1.904396,-1.652715,1
1.407924,-1.126399,1
1.454321,-1.274939,1
2.049969,-1.781289,1
1.584183,-1.930472,1
1.69141,-1.222712,1
1.93228,-1.115396,1
1.530191,-0.95482,1
1.814874,-0.594837,1
1.197475,-1.550106,1
2.21806,-0.819142,1
1.806806,-2.021413,1
2.017803,-1.440179,1
1.817084,-1.448757,1
2.312239,-1.166794,1
1.87954,-1.227566,1
1.452016,-1.088161,1
1.957656,-1.830247,1
2.582032,-1.337671,1
1.848574,-1.312847,1
2.234388,-0.819444,1
2.149356,-1.22673,1
1.961418,-1.077613,1
2.337125,-0.48932,1
2.021219,-1.327283,1
1.839262,-1.361178,1
2.299839,-1.523548,1
1.987049,-1.352016,1
1.656129,-0.750375,1
1.897022,-1.229894,1
2.166365,-0.923773,1
1.839121,-1.669925,1
2.19583,-0.373412,1
1.71439,-0.87449,1
2.057887,-0.660893,1
2.161422,-1.768046,1
1.369705,-1.438946,1
1.959875,-0.421682,1
2.172446,-0.387793,1
1.852212,-0.709954,1
2.352078,-0.86076,1
1.894398,-1.241658,1
2.144737,-0.819868,1
2.232034,-0.783704,1
1.51921,-0.915058,1
1.543682,-1.451149,1
1.615721,-0.674367,1
1.714208,-1.526925,1
1.665605,-1.158832,1
2.647986,-1.934204,1
1.939219,-1.415105,1
1.922907,-0.754272,1
1.898369,-1.042684,1
2.068722,-1.031353,1
2.246056,-0.803671,1
2.859449,-0.740893,1
2.340789,-0.347144,1
1.960079,-0.970548,1
2.378896,-1.258278,1
1.739292,-0.683261,1
2.040875,-0.888673,1
2.016302,-0.566542,1
1.507808,-1.711034,1
1.828226,-1.998576,1
2.186856,-1.77679,1
1.973943,-0.449079,1
1.76175,-2.666255,1
2.00742,-1.231769,1
1.906336,-1.451485,1
1.723286,-0.718248,1
2.572036,-1.060309,1
1.69561,-0.72381,1
2.373678,-1.184799,1
2.003914,-2.55174,1
1.558241,-1.308582,1
1.737585,-0.869973,1
2.256455,-1.986261,1
2.157797,-0.997287,1
1.817883,-0.658084,1
1.536723,-1.376795,1
1.968624,-1.148262,1
1.711993,-2.296417,1
2.750664,-1.450418,1
2.493208,-0.898314,1
1.7484,-1.233145,1
2.1415,-0.562981,1
2.333277,-0.734213,1
1.976818,-0.923476,1
2.059415,-1.176217,1
2.238844,-1.109082,1
2.101648,-1.038247,1
1.748299,-0.644745,1
1.845754,-0.922623,1
2.196653,-0.750814,1
2.515471,-0.672047,1
1.876571,-0.48589,1
1.665546,-1.106849,1
2.319132,-0.663918,1
1.188409,-2.193099,1
1.799686,-1.633002,1
2.149446,-2.648686,1
1.865124,-0.713334,1
2.087432,-1.290981,1
2.233326,-0.7641,1
2.280665,-0.926958,1
1.97999,-1.416923,1
2.37386,-0.513949,1
1.633094,-1.595848,1
1.716102,-1.253157,1
2.122204,-1.436975,1
1.846537,-1.470974,1
2.427965,-1.400781,1
2.077989,-0.4813,1
1.791264,-1.405776,1
2.033962,-0.383318,1
1.497334,-0.81159,1
1.968165,-0.6305,1
2.082014,-0.975281,1
2.304221,-1.1172,1
1.915343,-0.477704,1
2.020069,-1.104972,1
1.962882,-1.381709,1
2.231618,-2.258454,1
2.211149,-1.105726,1
2.233337,-2.649445,1
1.790378,-1.066175,1
2.086736,-0.704343,1
2.086841,-0.578185,1
1.97334,-0.713379,1
1.443269,-1.187522,1
2.450023,-1.043494,1
1.940652,-0.948329,1
1.280648,-1.023197,1
1.577473,-1.032292,1
2.355299,-0.967471,1
1.790628,-1.770973,1
2.036062,-0.364298,1
2.232267,-1.341026,1
1.795142,-1.010815,1
2.349029,-0.723018,1
1.692644,-1.03883,1
2.165534,-1.004191,1
2.093923,-1.216657,1
1.720008,-0.993123,1
2.280816,-2.581974,1
1.975687,-0.591943,1
2.320957,-1.437324,1
1.464662,-1.010999,1
1.99006,-2.071137,1
1.908522,-0.711837,1
2.2817,-0.720963,1
1.931215,-1.591817,1
1.587644,-0.942529,1
1.886389,-0.71555,1
2.094789,-0.413662,1
1.811857,-0.831418,1
2.15483,-0.801488,1
1.867257,-0.917906,1
2.017044,-1.322949,1
2.155978,-0.493438,1
2.500963,-1.362686,1
2.054342,-1.554021,1
2.208295,-0.552705,1
1.103516,-1.029049,1
0.783809,-0.839527,1
0.856213,-0.858532,1
0.689566,-0.910865,1
1.026091,-0.871404,1
0.921711,-0.801079,1
0.741199,-0.96001,1
1.023676,-0.905847,1
0.929446,-0.838569,1
0.733755,-0.941779,1
1.004597,-0.869738,1
1.144401,-0.508066,1
1.009038,-0.681625,1
0.778098,-0.990139,1
0.59089,-1.116148,1
0.996162,-0.575488,1
0.853289,-0.897317,1
0.75529,-1.063837,1
1.349313,-0.706288,1
1.024478,-0.852449,1
1.164641,-0.787343,1
1.009185,-1.166034,1
0.472591,-1.276013,1
0.737841,-0.939539,1
0.88754,-1.132606,1
0.73244,-1.40102,1
0.66771,-0.979588,1
0.898997,-0.854535,1
1.070648,-0.979797,1
0.88367,-0.847145,1
0.734494,-1.116504,1
0.795341,-0.768832,1
1.038217,-0.57677,1
0.890813,-1.071393,1
1.21743,-0.56799,1
1.070719,-0.417052,1
0.98681,-0.942877,1
1.016521,-0.778309,1
1.35875,-0.216798,1
1.835537,-0.211396,1
1.57403,-0.603073,1
1.774851,-0.252704,1
1.644147,-0.155622,1
1.607793,-0.41134,1
1.695334,-0.243011,1
1.473488,-0.584071,1
1.784994,-0.219276,1
1.349293,-0.828783,1
1.600378,-0.156701,1
1.69669,-0.388653,1
1.584145,-0.549526,1
1.913897,-0.364716,1
1.47775,-0.191705,1
1.681529,-0.558517,1
1.746236,-0.354185,1
1.695518,-0.503632,1
1.594825,-0.454304,1
1.244951,-0.888542,1
1.525817,-0.661832,1
1.745498,-0.174319,1
1.409291,-0.715621,1
1.511795,-0.290168,1
1.704567,-0.170852,1
1.523657,-0.705424,1
1.085916,-0.268067,1
1.391426,-0.649506,1
1.843956,-0.271118,1
0.810627,-0.260099,1
0.771715,-0.522658,1
0.625472,-0.653344,1
0.526092,-0.788235,1
0.619267,-0.704902,1
0.510462,-1.037011,1
0.877109,-0.157541,1
0.798393,-0.576638,1
0.763822,-0.355402,1
0.806786,-0.366942,1
0.621871,-0.825219,1
0.776919,-0.281091,1
0.920081,-0.3631,1
0.657206,-0.707292,1
0.836312,-0.537611,1
0.732056,-0.473954,1
0.523463,-0.810849,1
0.831881,-0.280967,1
0.770982,-0.284816,1
0.840988,-0.491677,1
0.705268,-0.457967,1
0.686944,-0.608315,1
0.658687,-0.798334,1
0.636451,-0.461413,1
0.472306,-0.831737,1
0.738105,-0.173213,1
0.545324,-0.639146,1
0.643963,-0.42177,1
0.498997,-0.78545,1
0.578651,-0.621566,1
0.65677,-0.428367,1
0.606149,-0.460119,1
0.489615,-0.715399,1
-0.169513,-0.24397,2
-1.462618,-1.333294,2
0.252315,0.56051,2
7.8094e-2,0.453757,2
-0.397251,4.1922e-2,2
0.42949,0.415679,2
0.156166,-0.430953,2
-1.480465,-1.547486,2
-0.182888,3.5502e-2,2
0.256394,-0.124201,2
-0.528268,-0.674152,2
-4.6091e-2,0.18493,2
-7.6291e-2,-7.9195e-2,2
-0.329305,-0.422689,2
-0.591358,-0.5536,2
0.338881,0.112962,2
-1.739437,-2.014993,2
-1.776949,-1.824697,2
-0.594297,-0.926489,2
-0.2375,0.29589,2
0.41392,0.579319,2
-0.455612,-0.357233,2
-1.613086,-1.344178,2
-0.985478,-1.108479,2
-0.670629,-0.29698,2
-1.753323,-1.598156,2
-1.395063,-1.151492,2
-1.222545,-1.589214,2
-2.2993e-2,-0.601036,2
0.320976,-0.365858,2
-1.111081,-1.273695,2
-0.302128,-0.755737,2
0.269191,0.287541,2
-1.021698,-1.235332,2
0.472411,0.2384,2
0.430935,0.806648,2
-0.537755,-0.666253,2
0.201209,0.320279,2
-2.209405,-2.148982,2
-0.671298,-0.867265,2
0.239555,0.796344,2
-0.792838,-0.436925,2
-7.9728e-2,8.7098e-2,2
-0.849272,-0.550041,2
-0.350384,-0.444174,2
0.358391,0.399345,2
0.204474,0.159198,2
-0.182294,0.205905,2
0.636784,0.269894,2
-0.953005,-0.462903,2
-0.441774,-0.295062,2
-1.189463,-1.125899,2
-0.906989,-0.755295,2
-1.386125,-0.968782,2
-0.721023,-0.285133,2
-0.196689,-0.357128,2
0.427788,0.915815,2
0.191516,-0.146508,2
-0.758653,-1.380902,2
0.608013,0.409494,2
-1.014981,-1.182353,2
-0.266341,-0.506297,2
0.285668,0.527447,2
-0.305723,-0.179397,2
0.72481,9.5715e-2,2
0.353037,0.136035,2
-0.30542,-0.550241,2
-6.1641e-2,6.9992e-2,2
-0.147523,-0.762966,2
-4.806e-2,0.343324,2
-1.053058,-1.072101,2
-2.554923,-2.583247,2
0.124138,-0.502862,2
-0.621877,-0.721744,2
0.614224,-5.1647e-2,2
0.134562,0.215906,2
-1.062019,-1.367463,2
-0.367921,-0.598094,2
-0.768475,0.178776,2
0.231038,1.010947,2
0.35498,0.859498,2
9.1605e-2,-0.244886,2
0.473135,-1.8986e-2,2
-0.353642,-0.716109,2
-0.737246,-1.068969,2
-0.377424,-0.857221,2
-5.066e-2,-0.21711,2
-0.910405,-1.429968,2
-0.274707,-0.212263,2
0.163569,-0.170265,2
-1.46679,-1.429536,2
-0.469016,-0.545125,2
-1.986049,-2.127071,2
-0.685161,-0.481701,2
-0.5044,-0.502638,2
-1.989978,-1.613008,2
-0.211165,-0.782657,2
-1.508752,-1.85052,2
-0.326024,-0.481145,2
0.792248,6.9643e-2,2
-1.41676,-1.22019,2
-0.484636,-0.8832,2
-0.263262,-0.583653,2
-0.998916,-1.440476,2
-0.703281,-1.131767,2
-0.555413,-0.958267,2
-0.607875,-1.227736,2
-1.6585e-2,0.196943,2
-1.503656,-2.14456,2
0.225847,0.351516,2
0.64036,0.310563,2
-0.530223,-0.640602,2
0.34571,0.507978,2
0.272663,-6.3323e-2,2
0.397533,0.270256,2
-0.348192,-0.123331,2
-1.392633,-1.708259,2
-2.0e-3,0.256775,2
-0.29563,-0.138727,2
0.122527,0.170151,2
-0.262948,-0.406521,2
-0.987872,-0.30727,2
-0.255756,-0.121689,2
-0.576323,-0.714787,2
-0.630873,-0.838475,2
-1.015506,-0.938342,2
2.2551e-2,-0.473878,2
-9.9045e-2,-0.475323,2
5.235e-3,-0.43567,2
-0.933126,-1.18226,2
-0.233936,-0.250617,2
-0.566935,-0.643484,2
0.35077,-0.29957,2
-2.221549,-1.736306,2
0.505146,0.676755,2
6.2271e-2,-0.366044,2
-1.42041,-1.166614,2
-0.926322,-0.796303,2
-0.121078,-0.314084,2
-1.116764,-0.780922,2
-0.715835,-9.6026e-2,2
-0.666891,-0.615487,2
-0.775193,-0.375893,2
-1.0469,-0.946136,2
-2.122847,-2.34787,2
-1.323138,-1.148916,2
0.460647,0.111828,2
0.417472,0.230192,2
-1.29243,-0.773013,2
-2.337925,-2.055323,2
-0.890062,-0.52774,2
0.160602,-0.120457,2
0.253236,4.857e-3,2
-0.385341,0.23859,2
5.3233e-2,-0.138308,2
-0.801738,-0.83896,2
-1.119565,-1.168743,2
-2.474904,-2.303872,2
-0.695022,-0.920898,2
-0.625178,-0.791094,2
-0.35669,-1.013643,2
-0.673331,-0.403209,2
-3.2747e-2,-0.261643,2
0.209941,0.482897,2
-1.019407,-1.467897,2
-0.328224,-0.136408,2
-0.667771,-0.689108,2
0.399744,0.16212,2
-0.869045,-0.759863,2
0.187777,1.8864e-2,2
-1.473431,-1.577751,2
-1.127629,-1.551648,2
0.186992,0.592716,2
-0.144672,0.206945,2
0.316162,0.246654,2
-0.184577,-0.259917,2
0.411833,-9.932e-2,2
-0.191598,3.9524e-2,2
-0.397008,-6.76e-4,2
-1.334292,-1.269161,2
0.296373,-0.172894,2
-1.374652,-2.084223,2
5.3045e-2,-0.277425,2
0.24269,0.919991,2
-1.017468,-0.733344,2
0.378736,0.343843,2
-1.96738,-1.987451,2
-0.163568,-0.312384,2
-2.160543,-2.537075,2
-1.746799,-1.2033,2
-1.828762,-1.697046,2
0.293013,-0.111877,2
-0.739712,-0.423072,2
3.7179e-2,-0.100798,2
-1.993755,-1.31701,2
0.338604,-2.5386e-2,2
7.8998e-2,0.23628,2
-0.35305,-0.166191,2
-3.759e-3,0.118118,2
-1.255153,-1.332178,2
0.188647,-0.218089,2
-1.813e-2,0.13394,2
-4.4873e-2,0.401598,2
0.303473,0.480134,2
0.54113,0.565313,2
-1.862807,-1.526727,2
-0.654008,1.444e-3,2
-0.940131,-1.165771,2
0.607328,0.49271,2
-1.251271,-1.11276,2
-1.537782,-1.932529,2
-1.348341,-1.067376,2
0.122504,-0.115898,2
-0.177644,-1.794e-2,2
0.49134,0.256124,2
-0.708482,-0.397262,2
-0.657486,-0.776915,2
-0.234841,0.141801,2
-0.451789,-0.367805,2
-1.237853,-0.991158,2
-0.739648,-0.602348,2
0.112569,-0.304399,2
0.282108,0.252408,2
-0.975263,-1.181772,2
-1.091898,-1.631381,2
-0.274246,8.1864e-2,2
-2.66294,-2.832594,2
-1.311596,-0.951636,2
0.170781,-6.6042e-2,2
-0.84723,-0.74242,2
-0.524731,-0.241121,2
-0.779262,-0.985005,2
-1.593202,-1.677633,2
-0.863641,-0.818036,2
-1.681602,-1.783595,2
-0.286078,-0.840319,2
0.494846,0.177611,2
-4.598e-2,-9.0293e-2,2
3.3562e-2,-0.205769,2
-1.019408,-0.613008,2
-1.181646,-0.572209,2
-0.862557,-0.761458,2
0.308016,0.244693,2
-0.268191,-0.268986,2
-0.531009,-1.2611,2
-0.752512,-1.408794,2
-0.966234,-0.8126,2
-0.257163,-7.9959e-2,2
-0.423451,-0.189127,2
-0.24095,-0.163155,2
0.385121,0.426106,2
-1.930897,-2.059878,2
-0.78374,-0.643001,2
-0.276995,-1.8013e-2,2
-0.63394,-0.276644,2
-0.679369,-0.91037,2
0.368226,0.107002,2
-0.141111,-0.116934,2
-3.665696,-3.909369,2
5.0349e-2,-0.280775,2
-0.113181,-2.2929e-2,2
0.58949,9.3244e-2,2
-0.532872,-0.200563,2
-6.2585e-2,0.359984,2
0.263743,-0.264521,2
-1.709888,-1.406294,2
0.334424,0.378423,2
-1.811256,-1.67056,2
-0.253071,-0.939544,2
0.505492,0.398657,2
0.578615,0.58043,2
-0.633251,-4.8245e-2,2
-1.528128,-1.927964,2
-0.134329,-0.865132,2
-1.492221,-1.484912,2
4.3906e-2,-0.127977,2
0.195183,1.2728e-2,2
-1.046422,-0.771703,2
-0.892317,-0.711155,2
-1.305654,-1.312368,2
0.414085,0.352607,2
-0.967422,-1.584257,2
-1.023084,-1.126368,2
0.41987,-1.7994e-2,2
-0.50101,-0.50876,2
0.548898,8.3365e-2,2
-0.502204,-0.570948,2
-1.365824,-0.671761,2
-0.454798,-0.409972,2
-1.610671,-1.697301,2
-1.516662,-2.190994,2
-4.3886e-2,0.393976,2
-0.63329,-0.890963,2
7.9181e-2,0.214384,2
1.7669e-2,-0.14739,2
-1.043122,-0.881192,2
-0.655087,-0.929406,2
-1.118106,-1.438461,2
-0.755965,-0.603485,2
0.219985,0.205245,2
-1.70101,-1.947197,2
0.204971,0.465893,2
-0.178946,-4.614e-2,2
-1.173113,-1.367627,2
-1.1891e-2,-0.168972,2
0.163673,0.58189,2
-0.679272,-0.897629,2
0.191086,0.108351,2
-0.468847,-5.3665e-2,2
-1.475533,-1.270724,2
-0.433158,-0.397562,2
0.634469,0.467013,2
-0.195202,-0.528646,2
4.9706e-2,0.162886,2
0.442212,0.483075,2
0.360109,0.628475,2
0.351758,0.366807,2
-0.885835,-0.404831,2
0.470919,0.201922,2
0.272543,0.259916,2
-0.848247,-0.517815,2
-0.268811,-0.336941,2
-0.247913,-0.161601,2
-1.230733,-1.410396,2
-0.285124,-0.243581,2
-0.7894,-0.735816,2
-0.187791,-0.307336,2
-1.620615,-2.036841,2
-3.8093e-2,0.507117,2
-0.418261,-0.865379,2
0.586978,0.41087,2
-1.066095,-1.122648,2
-0.315242,-0.97551,2
0.301513,-2.1302e-2,2
-1.576246,-1.681196,2
-0.790076,-1.283193,2
-0.107932,-0.911406,2
-0.699987,-0.28153,2
-1.531216,-1.15388,2
9.6961e-2,0.216415,2
2.9899e-2,-0.263089,2
-0.646451,-0.70281,2
-0.336979,-0.380346,2
7.5934e-2,0.100334,2
0.270286,0.411257,2
0.2044,0.373714,2
-1.2594e-2,-9.3094e-2,2
-5.3884e-2,0.112369,2
-0.108676,-0.398364,2
-0.257717,-0.407262,2
-0.128906,0.353143,2
0.382598,0.264187,2
0.166003,0.484958,2
0.107068,-0.21814,2
-0.865994,-0.33212,2
0.28375,0.157829,2
6.6545e-2,-0.335599,2
3.9433e-2,-0.190078,2
-0.710463,-0.285516,2
-0.688024,-4.4234e-2,2
-0.666205,-0.535584,2
-1.287049,-0.879816,2
-0.135301,-0.387815,2
-0.448555,-1.388101,2
-0.756806,1.060953,2
-0.975848,0.545264,2
0.696808,-0.176425,2
-0.756503,0.824881,2
8.6548e-2,0.284879,2
-0.281356,0.308606,2
0.37736,-0.447317,2
-2.027812,1.858726,2
-0.368225,0.992787,2
-0.520078,0.428066,2
-1.347035,1.091373,2
-1.704787,1.982651,2
-0.214149,-0.144841,2
-1.485666,1.11324,2
-0.711985,0.597479,2
-0.464987,0.635584,2
0.648025,-0.332394,2
7.0599e-2,0.38324,2
-1.660696,1.632717,2
-0.951859,1.158815,2
-0.585419,0.37041,2
-2.537806,1.926895,2
-0.610932,-5.0801e-2,2
5.6299e-2,-0.50318,2
-0.57843,9.7135e-2,2
-0.657217,0.919616,2
-1.641505,1.573707,2
0.434862,-0.286703,2
-0.277097,0.872289,2
-1.125307,1.020448,2
-0.380926,-2.1427e-2,2
3.6994e-2,-0.132995,2
-2.110029,2.10828,2
-1.496563,1.736491,2
0.245922,-0.305477,2
0.392825,-0.29635,2
-1.732878,1.306456,2
-1.240268,1.049814,2
-1.061416,1.084844,2
-0.133904,-0.444286,2
0.43736,-0.453798,2
-0.111796,0.204694,2
0.380969,-8.5758e-2,2
0.516592,-7.7132e-2,2
-0.478852,4.4973e-2,2
0.189049,-6.0512e-2,2
-2.310239,2.635605,2
-1.388155,1.900826,2
-0.963437,0.839385,2
-0.603353,1.042212,2
2.627e-3,0.621815,2
-1.659676,1.668901,2
-1.256668,1.633277,2
-0.122007,-0.220578,2
6.7099e-2,-0.478188,2
-3.061552,3.851513,2
-0.590805,0.592628,2
-0.5083,5.7857e-2,2
-0.255212,0.264752,2
0.510395,-0.265752,2
0.31793,-0.149756,2
-1.051729,1.592713,2
-1.664976,1.399351,2
-0.679909,0.577444,2
-2.38607,2.401737,2
-0.559493,1.046941,2
-4.0954e-2,-0.383261,2
4.3056e-2,0.138424,2
-1.499239,1.410596,2
-1.087415,0.798739,2
-2.057715,1.696042,2
-1.263716,1.151601,2
5.8667e-2,-4.8824e-2,2
-1.006862,1.177127,2
-0.325643,-7.4673e-2,2
-1.003815,1.531229,2
0.265782,7.644e-2,2
-0.95915,0.789836,2
0.289328,0.491329,2
-0.928987,1.50512,2
-0.508743,-3.8128e-2,2
-0.89722,1.09068,2
-0.903178,0.58496,2
0.405761,-1.9167e-2,2
0.183055,-0.380266,2
-0.964722,1.068071,2
-0.481475,0.615552,2
-1.783811,2.051126,2
-7.466e-3,0.348429,2
0.201314,-8.0247e-2,2
-1.993166,1.444197,2
-0.126886,-1.1128e-2,2
0.119117,0.460156,2
-1.315048,1.077706,2
-0.896318,1.030859,2
-0.339806,0.743384,2
-0.467347,0.222297,2
-0.5476,0.526414,2
0.381715,-0.401654,2
-0.272282,0.144786,2
-0.561576,0.871073,2
-0.333941,-7.0463e-2,2
-0.173979,0.700989,2
0.346128,8.2157e-2,2
-0.103627,0.146487,2
-0.114217,0.42257,2
0.489911,-0.123531,2
-0.66963,1.148966,2
-1.446725,1.394487,2
0.4577,-0.690819,2
-0.195252,0.669018,2
-0.990506,1.638425,2
6.7625e-2,0.287468,2
-1.520391,1.158645,2
-0.502119,0.610509,2
-0.780199,1.465099,2
-0.216346,0.132334,2
0.203756,4.8468e-2,2
0.127149,1.8039e-2,2
0.594952,1.0944e-2,2
0.219063,0.381864,2
-2.062063,1.926477,2
-1.443004,0.917732,2
-1.215196,0.943866,2
0.279178,4.785e-3,2
-0.153038,0.275408,2
0.253878,7.1588e-2,2
0.501091,9.5703e-2,2
-0.418225,0.370281,2
-0.71653,1.267299,2
-1.02562,0.984506,2
0.303446,-0.291427,2
-4.2042e-2,0.148921,2
-0.903754,0.381784,2
-1.057451,0.642733,2
-0.675898,0.978099,2
-0.192206,-0.259271,2
-0.243791,-3.92e-3,2
-0.669927,1.040146,2
-0.801596,1.144224,2
0.382034,7.6132e-2,2
-0.565949,0.636382,2
-0.321386,-2.0261e-2,2
-2.257631,2.517655,2
9.1028e-2,-3.0306e-2,2
0.21732,-0.528494,2
0.366509,-0.103771,2
-1.651498,1.509063,2
-0.161727,0.592875,2
0.465896,-0.496956,2
-0.550932,0.662436,2
-1.007093,0.782341,2
-0.507652,0.872013,2
0.488425,-0.172344,2
-0.126243,-0.183123,2
-7.2789e-2,2.4753e-2,2
-0.750332,1.099601,2
-0.824433,0.569863,2
-1.794286,1.777968,2
-1.677213,1.765818,2
-0.43798,0.900387,2
0.129257,-0.400282,2
5.1551e-2,-0.225876,2
0.215813,-0.30536,2
0.212362,0.103517,2
-1.366709,1.677193,2
-0.802472,0.651754,2
-1.556447,0.944354,2
-5.7489e-2,9.2346e-2,2
-0.543196,-0.108019,2
-0.962856,0.757454,2
-0.520158,0.547789,2
-8.24e-2,-6.1945e-2,2
-0.996062,1.198876,2
-0.753413,-0.116795,2
-0.330372,0.627528,2
2.3465e-2,-0.406911,2
-0.296191,-0.171845,2
-2.17562,2.296622,2
-2.13639,2.556899,2
-0.875045,0.60702,2
-0.312247,0.455653,2
-2.716779,2.774191,2
-3.875e-3,0.196409,2
9.8788e-2,-8.9262e-2,2
0.421129,-0.228718,2
-0.962565,0.688427,2
1.2377e-2,-0.808539,2
-1.396966,0.918513,2
-0.974629,0.927107,2
-0.213436,0.160775,2
-0.57222,0.712484,2
0.548375,-0.135725,2
-0.82983,0.516689,2
0.223641,-0.290212,2
-1.119466,1.079995,2
-0.567062,0.772592,2
-0.424907,0.508276,2
-2.383168,2.331112,2
6.5944e-2,0.319988,2
0.417831,-0.352036,2
-1.841798,1.952818,2
-2.8479e-2,0.12617,2
-0.575904,0.341622,2
0.250856,-0.119031,2
-1.46501,0.961856,2
-0.143903,0.214206,2
-0.657046,1.33081,2
-1.281277,1.075357,2
-9.9219e-2,-0.264287,2
-1.176714,1.356502,2
-0.910759,0.148165,2
2.2037e-2,0.303651,2
-0.79563,0.370799,2
0.455496,-4.78e-4,2
-1.1331e-2,-3.2112e-2,2
-0.841194,1.073833,2
8.839e-3,-3.8606e-2,2
-0.147112,0.428824,2
0.447464,-0.600881,2
-2.7337e-2,0.488337,2
-1.352068,1.700832,2
-7.3308e-2,-0.218712,2
-1.162251,1.636383,2
0.187887,-0.545766,2
-0.250446,0.401145,2
-0.772519,1.329615,2
-0.402893,0.699856,2
-0.564961,0.604101,2
0.321439,-0.62956,2
-0.795949,0.55483,2
-2.387675,1.990844,2
-0.180708,0.238299,2
-0.487768,0.17529,2
-0.740494,1.056016,2
-1.4995,1.217867,2
-0.390315,0.219081,2
-0.332891,0.962513,2
-0.131704,0.315673,2
-1.640417,1.709605,2
-1.057636,0.659141,2
-0.153239,7.8505e-2,2
0.355589,-0.222219,2
0.260958,0.26936,2
-0.114526,0.634071,2
-2.566477,1.753358,2
-0.63345,9.1873e-2,2
0.290265,0.116969,2
-0.804806,0.710135,2
-0.800029,0.719299,2
-0.384754,0.381811,2
-0.426514,0.18245,2
-1.654866,1.662799,2
-2.043429,2.289719,2
0.185216,0.294869,2
0.416138,8.7617e-2,2
0.276485,-0.665769,2
-1.600471,1.906975,2
-6.3276e-2,-0.382322,2
8.3019e-2,0.674432,2
-1.160259,0.603942,2
0.748874,0.171569,2
-0.897764,0.461577,2
-1.030857,1.074553,2
-7.5177e-2,0.330236,2
0.386442,-0.815815,2
-0.485293,1.716e-3,2
0.298869,-6.9559e-2,2
0.246622,-0.384577,2
-0.660081,0.188124,2
0.107396,-0.221718,2
-0.327314,0.328952,2
-0.547845,1.239886,2
-1.58957,1.256673,2
-0.100672,-0.101235,2
-0.371515,0.46515,2
0.25935,-0.550914,2
0.267753,4.1705e-2,2
0.349516,-0.198321,2
-1.383737,1.602325,2
-1.867985,1.551134,2
5.729e-2,0.202955,2
5.4442e-2,3.9398e-2,2
-0.598067,0.675331,2
-0.267709,0.10516,2
-1.543841,1.376044,2
6.3464e-2,-0.405318,2
-0.117376,-0.319931,2
-0.439028,0.81926,2
0.535808,-0.5825,2
0.432501,-0.175139,2
-0.389171,0.406871,2
-0.662883,0.296826,2
0.274283,-0.4805,2
0.274616,-0.441423,2
-8.4305e-2,-0.142663,2
0.102254,-0.149788,2
-1.049458,1.187687,2
-0.947083,0.899998,2
-1.411162,1.329046,2
-1.760538,1.301708,2
-2.639306,2.588163,2
-0.187675,-0.117825,2
0.238263,-0.243751,2
-2.274791,1.841558,2
-1.336148,0.947007,2
-0.662092,7.6001e-2,2
-1.839356,1.88991,2
0.11404,-0.22209,2
-0.456221,0.540474,2
-1.251923,1.782238,2
-0.647817,0.2998,2
-0.971946,0.598975,2
-0.952411,1.342977,2
-0.695948,0.727559,2
0.29701,-0.662061,2
-0.15513,9.8193e-2,2
-0.885413,0.53104,2
-7.6884e-2,-0.111794,2
-1.161483,1.078244,2
-0.691757,0.674129,2
-1.692889,1.29256,2
-0.741874,1.303519,2
0.325385,2.6542e-2,2
-3.1434e-2,-0.61685,2
-1.287755,1.209211,2
-2.256698,2.198133,2
-0.934242,0.834182,2
0.449046,-0.414287,2
-1.434181,1.632406,2
-1.512506,1.545157,2
-0.822235,0.927705,2
-0.107162,0.916835,2
-0.28928,5.2545e-2,2
-7.488e-2,0.272084,2
-0.69169,0.698824,2
-1.506329,1.210744,2
-1.127723,1.032879,2
-0.476183,0.817059,2
-0.190476,0.207512,2
-0.217516,-0.290404,2
-2.890588,2.662354,2
-1.303983,0.944479,2
0.336405,-0.191949,2
-1.924479,1.625446,2
-0.359269,0.117875,2
-0.515606,0.468775,2
0.299749,-0.413927,2
-1.376366,1.295507,2
-0.594962,0.305604,2
9.7704e-2,-2.8627e-2,2
-0.358241,0.511561,2
-1.212089,1.247519,2
0.306134,-0.152084,2
-0.41977,0.112166,2
-0.493455,0.384125,2
-0.998506,0.911612,2
5.3898e-2,-0.464294,2
-1.930402,1.830925,2
0.328652,-0.356666,2
-0.488786,0.417523,2
0.493246,-0.62266,2
0.171845,-0.648496,2
0.487819,-0.188349,2
-0.741335,0.755249,2
0.443315,-0.415375,2
-0.778032,0.99667,2
0.361556,-2.144e-2,2
0.194166,-0.20564,2
-0.361447,0.656828,2
